"","MSM0.8_s1"
"Background.sig",276
